N
1464

V0
5000000

Vmin 
2000000

Vmax 
8000000

Tmax
400000

Dmax
600000

Mmax
500000

ET
0.0002

ME
0.00026666666666

TDmin
50000

VTmax
50000

VDmax
50000

F
93975.77028029002
93975.77028029002
93975.77028029002
93975.77028029002
93975.77028029002
93975.77028029002
93975.77028029002
93975.77028029002
93975.77028029002
93975.77028029002
93975.77028029002
93975.77028029002
93975.77028029002
93975.77028029002
93975.77028029002
93975.77028029002
93975.77028029002
93975.77028029002
93975.77028029002
93975.77028029002
93975.77028029002
93975.77028029002
93975.77028029002
93975.77028029002
92945.33447752774
92945.33447752774
92945.33447752774
92945.33447752774
92945.33447752774
92945.33447752774
92945.33447752774
92945.33447752774
92945.33447752774
92945.33447752774
92945.33447752774
92945.33447752774
92945.33447752774
92945.33447752774
92945.33447752774
92945.33447752774
92945.33447752774
92945.33447752774
92945.33447752774
92945.33447752774
92945.33447752774
92945.33447752774
92945.33447752774
92945.33447752774
96654.30561556167
96654.30561556167
96654.30561556167
96654.30561556167
96654.30561556167
96654.30561556167
96654.30561556167
96654.30561556167
96654.30561556167
96654.30561556167
96654.30561556167
96654.30561556167
96654.30561556167
96654.30561556167
96654.30561556167
96654.30561556167
96654.30561556167
96654.30561556167
96654.30561556167
96654.30561556167
96654.30561556167
96654.30561556167
96654.30561556167
96654.30561556167
97982.36930021185
97982.36930021185
97982.36930021185
97982.36930021185
97982.36930021185
97982.36930021185
97982.36930021185
97982.36930021185
97982.36930021185
97982.36930021185
97982.36930021185
97982.36930021185
97982.36930021185
97982.36930021185
97982.36930021185
97982.36930021185
97982.36930021185
97982.36930021185
97982.36930021185
97982.36930021185
97982.36930021185
97982.36930021185
97982.36930021185
97982.36930021185
94687.71202245001
94687.71202245001
94687.71202245001
94687.71202245001
94687.71202245001
94687.71202245001
94687.71202245001
94687.71202245001
94687.71202245001
94687.71202245001
94687.71202245001
94687.71202245001
94687.71202245001
94687.71202245001
94687.71202245001
94687.71202245001
94687.71202245001
94687.71202245001
94687.71202245001
94687.71202245001
94687.71202245001
94687.71202245001
94687.71202245001
94687.71202245001
96681.8042274168
96681.8042274168
96681.8042274168
96681.8042274168
96681.8042274168
96681.8042274168
96681.8042274168
96681.8042274168
96681.8042274168
96681.8042274168
96681.8042274168
96681.8042274168
96681.8042274168
96681.8042274168
96681.8042274168
96681.8042274168
96681.8042274168
96681.8042274168
96681.8042274168
96681.8042274168
96681.8042274168
96681.8042274168
96681.8042274168
96681.8042274168
99802.57680890303
99802.57680890303
99802.57680890303
99802.57680890303
99802.57680890303
99802.57680890303
99802.57680890303
99802.57680890303
99802.57680890303
99802.57680890303
99802.57680890303
99802.57680890303
99802.57680890303
99802.57680890303
99802.57680890303
99802.57680890303
99802.57680890303
99802.57680890303
99802.57680890303
99802.57680890303
99802.57680890303
99802.57680890303
99802.57680890303
99802.57680890303
100043.49565963175
100043.49565963175
100043.49565963175
100043.49565963175
100043.49565963175
100043.49565963175
100043.49565963175
100043.49565963175
100043.49565963175
100043.49565963175
100043.49565963175
100043.49565963175
100043.49565963175
100043.49565963175
100043.49565963175
100043.49565963175
100043.49565963175
100043.49565963175
100043.49565963175
100043.49565963175
100043.49565963175
100043.49565963175
100043.49565963175
100043.49565963175
101307.81595516134
101307.81595516134
101307.81595516134
101307.81595516134
101307.81595516134
101307.81595516134
101307.81595516134
101307.81595516134
101307.81595516134
101307.81595516134
101307.81595516134
101307.81595516134
101307.81595516134
101307.81595516134
101307.81595516134
101307.81595516134
101307.81595516134
101307.81595516134
101307.81595516134
101307.81595516134
101307.81595516134
101307.81595516134
101307.81595516134
101307.81595516134
100754.98866970284
100754.98866970284
100754.98866970284
100754.98866970284
100754.98866970284
100754.98866970284
100754.98866970284
100754.98866970284
100754.98866970284
100754.98866970284
100754.98866970284
100754.98866970284
100754.98866970284
100754.98866970284
100754.98866970284
100754.98866970284
100754.98866970284
100754.98866970284
100754.98866970284
100754.98866970284
100754.98866970284
100754.98866970284
100754.98866970284
100754.98866970284
103922.28205094738
103922.28205094738
103922.28205094738
103922.28205094738
103922.28205094738
103922.28205094738
103922.28205094738
103922.28205094738
103922.28205094738
103922.28205094738
103922.28205094738
103922.28205094738
103922.28205094738
103922.28205094738
103922.28205094738
103922.28205094738
103922.28205094738
103922.28205094738
103922.28205094738
103922.28205094738
103922.28205094738
103922.28205094738
103922.28205094738
103922.28205094738
104189.70735061378
104189.70735061378
104189.70735061378
104189.70735061378
104189.70735061378
104189.70735061378
104189.70735061378
104189.70735061378
104189.70735061378
104189.70735061378
104189.70735061378
104189.70735061378
104189.70735061378
104189.70735061378
104189.70735061378
104189.70735061378
104189.70735061378
104189.70735061378
104189.70735061378
104189.70735061378
104189.70735061378
104189.70735061378
104189.70735061378
104189.70735061378
103381.44306625164
103381.44306625164
103381.44306625164
103381.44306625164
103381.44306625164
103381.44306625164
103381.44306625164
103381.44306625164
103381.44306625164
103381.44306625164
103381.44306625164
103381.44306625164
103381.44306625164
103381.44306625164
103381.44306625164
103381.44306625164
103381.44306625164
103381.44306625164
103381.44306625164
103381.44306625164
103381.44306625164
103381.44306625164
103381.44306625164
103381.44306625164
105065.42611253452
105065.42611253452
105065.42611253452
105065.42611253452
105065.42611253452
105065.42611253452
105065.42611253452
105065.42611253452
105065.42611253452
105065.42611253452
105065.42611253452
105065.42611253452
105065.42611253452
105065.42611253452
105065.42611253452
105065.42611253452
105065.42611253452
105065.42611253452
105065.42611253452
105065.42611253452
105065.42611253452
105065.42611253452
105065.42611253452
105065.42611253452
103999.4264321147
103999.4264321147
103999.4264321147
103999.4264321147
103999.4264321147
103999.4264321147
103999.4264321147
103999.4264321147
103999.4264321147
103999.4264321147
103999.4264321147
103999.4264321147
103999.4264321147
103999.4264321147
103999.4264321147
103999.4264321147
103999.4264321147
103999.4264321147
103999.4264321147
103999.4264321147
103999.4264321147
103999.4264321147
103999.4264321147
103999.4264321147
101768.56551911685
101768.56551911685
101768.56551911685
101768.56551911685
101768.56551911685
101768.56551911685
101768.56551911685
101768.56551911685
101768.56551911685
101768.56551911685
101768.56551911685
101768.56551911685
101768.56551911685
101768.56551911685
101768.56551911685
101768.56551911685
101768.56551911685
101768.56551911685
101768.56551911685
101768.56551911685
101768.56551911685
101768.56551911685
101768.56551911685
101768.56551911685
103215.76254928087
103215.76254928087
103215.76254928087
103215.76254928087
103215.76254928087
103215.76254928087
103215.76254928087
103215.76254928087
103215.76254928087
103215.76254928087
103215.76254928087
103215.76254928087
103215.76254928087
103215.76254928087
103215.76254928087
103215.76254928087
103215.76254928087
103215.76254928087
103215.76254928087
103215.76254928087
103215.76254928087
103215.76254928087
103215.76254928087
103215.76254928087
100690.87292915107
100690.87292915107
100690.87292915107
100690.87292915107
100690.87292915107
100690.87292915107
100690.87292915107
100690.87292915107
100690.87292915107
100690.87292915107
100690.87292915107
100690.87292915107
100690.87292915107
100690.87292915107
100690.87292915107
100690.87292915107
100690.87292915107
100690.87292915107
100690.87292915107
100690.87292915107
100690.87292915107
100690.87292915107
100690.87292915107
100690.87292915107
102795.76523246306
102795.76523246306
102795.76523246306
102795.76523246306
102795.76523246306
102795.76523246306
102795.76523246306
102795.76523246306
102795.76523246306
102795.76523246306
102795.76523246306
102795.76523246306
102795.76523246306
102795.76523246306
102795.76523246306
102795.76523246306
102795.76523246306
102795.76523246306
102795.76523246306
102795.76523246306
102795.76523246306
102795.76523246306
102795.76523246306
102795.76523246306
100660.11941145906
100660.11941145906
100660.11941145906
100660.11941145906
100660.11941145906
100660.11941145906
100660.11941145906
100660.11941145906
100660.11941145906
100660.11941145906
100660.11941145906
100660.11941145906
100660.11941145906
100660.11941145906
100660.11941145906
100660.11941145906
100660.11941145906
100660.11941145906
100660.11941145906
100660.11941145906
100660.11941145906
100660.11941145906
100660.11941145906
100660.11941145906
99652.54270271947
99652.54270271947
99652.54270271947
99652.54270271947
99652.54270271947
99652.54270271947
99652.54270271947
99652.54270271947
99652.54270271947
99652.54270271947
99652.54270271947
99652.54270271947
99652.54270271947
99652.54270271947
99652.54270271947
99652.54270271947
99652.54270271947
99652.54270271947
99652.54270271947
99652.54270271947
99652.54270271947
99652.54270271947
99652.54270271947
99652.54270271947
98074.56303948193
98074.56303948193
98074.56303948193
98074.56303948193
98074.56303948193
98074.56303948193
98074.56303948193
98074.56303948193
98074.56303948193
98074.56303948193
98074.56303948193
98074.56303948193
98074.56303948193
98074.56303948193
98074.56303948193
98074.56303948193
98074.56303948193
98074.56303948193
98074.56303948193
98074.56303948193
98074.56303948193
98074.56303948193
98074.56303948193
98074.56303948193
100103.30000587004
100103.30000587004
100103.30000587004
100103.30000587004
100103.30000587004
100103.30000587004
100103.30000587004
100103.30000587004
100103.30000587004
100103.30000587004
100103.30000587004
100103.30000587004
100103.30000587004
100103.30000587004
100103.30000587004
100103.30000587004
100103.30000587004
100103.30000587004
100103.30000587004
100103.30000587004
100103.30000587004
100103.30000587004
100103.30000587004
100103.30000587004
97256.6430974399
97256.6430974399
97256.6430974399
97256.6430974399
97256.6430974399
97256.6430974399
97256.6430974399
97256.6430974399
97256.6430974399
97256.6430974399
97256.6430974399
97256.6430974399
97256.6430974399
97256.6430974399
97256.6430974399
97256.6430974399
97256.6430974399
97256.6430974399
97256.6430974399
97256.6430974399
97256.6430974399
97256.6430974399
97256.6430974399
97256.6430974399
96149.2896156555
96149.2896156555
96149.2896156555
96149.2896156555
96149.2896156555
96149.2896156555
96149.2896156555
96149.2896156555
96149.2896156555
96149.2896156555
96149.2896156555
96149.2896156555
96149.2896156555
96149.2896156555
96149.2896156555
96149.2896156555
96149.2896156555
96149.2896156555
96149.2896156555
96149.2896156555
96149.2896156555
96149.2896156555
96149.2896156555
96149.2896156555
95690.22422266816
95690.22422266816
95690.22422266816
95690.22422266816
95690.22422266816
95690.22422266816
95690.22422266816
95690.22422266816
95690.22422266816
95690.22422266816
95690.22422266816
95690.22422266816
95690.22422266816
95690.22422266816
95690.22422266816
95690.22422266816
95690.22422266816
95690.22422266816
95690.22422266816
95690.22422266816
95690.22422266816
95690.22422266816
95690.22422266816
95690.22422266816
96604.4782914426
96604.4782914426
96604.4782914426
96604.4782914426
96604.4782914426
96604.4782914426
96604.4782914426
96604.4782914426
96604.4782914426
96604.4782914426
96604.4782914426
96604.4782914426
96604.4782914426
96604.4782914426
96604.4782914426
96604.4782914426
96604.4782914426
96604.4782914426
96604.4782914426
96604.4782914426
96604.4782914426
96604.4782914426
96604.4782914426
96604.4782914426
96137.74382889965
96137.74382889965
96137.74382889965
96137.74382889965
96137.74382889965
96137.74382889965
96137.74382889965
96137.74382889965
96137.74382889965
96137.74382889965
96137.74382889965
96137.74382889965
96137.74382889965
96137.74382889965
96137.74382889965
96137.74382889965
96137.74382889965
96137.74382889965
96137.74382889965
96137.74382889965
96137.74382889965
96137.74382889965
96137.74382889965
96137.74382889965
96219.05832498713
96219.05832498713
96219.05832498713
96219.05832498713
96219.05832498713
96219.05832498713
96219.05832498713
96219.05832498713
96219.05832498713
96219.05832498713
96219.05832498713
96219.05832498713
96219.05832498713
96219.05832498713
96219.05832498713
96219.05832498713
96219.05832498713
96219.05832498713
96219.05832498713
96219.05832498713
96219.05832498713
96219.05832498713
96219.05832498713
96219.05832498713
96508.31063009509
96508.31063009509
96508.31063009509
96508.31063009509
96508.31063009509
96508.31063009509
96508.31063009509
96508.31063009509
96508.31063009509
96508.31063009509
96508.31063009509
96508.31063009509
96508.31063009509
96508.31063009509
96508.31063009509
96508.31063009509
96508.31063009509
96508.31063009509
96508.31063009509
96508.31063009509
96508.31063009509
96508.31063009509
96508.31063009509
96508.31063009509
99605.52685616245
99605.52685616245
99605.52685616245
99605.52685616245
99605.52685616245
99605.52685616245
99605.52685616245
99605.52685616245
99605.52685616245
99605.52685616245
99605.52685616245
99605.52685616245
99605.52685616245
99605.52685616245
99605.52685616245
99605.52685616245
99605.52685616245
99605.52685616245
99605.52685616245
99605.52685616245
99605.52685616245
99605.52685616245
99605.52685616245
99605.52685616245
96590.67946946928
96590.67946946928
96590.67946946928
96590.67946946928
96590.67946946928
96590.67946946928
96590.67946946928
96590.67946946928
96590.67946946928
96590.67946946928
96590.67946946928
96590.67946946928
96590.67946946928
96590.67946946928
96590.67946946928
96590.67946946928
96590.67946946928
96590.67946946928
96590.67946946928
96590.67946946928
96590.67946946928
96590.67946946928
96590.67946946928
96590.67946946928
97511.38399198772
97511.38399198772
97511.38399198772
97511.38399198772
97511.38399198772
97511.38399198772
97511.38399198772
97511.38399198772
97511.38399198772
97511.38399198772
97511.38399198772
97511.38399198772
97511.38399198772
97511.38399198772
97511.38399198772
97511.38399198772
97511.38399198772
97511.38399198772
97511.38399198772
97511.38399198772
97511.38399198772
97511.38399198772
97511.38399198772
97511.38399198772
98393.72116177274
98393.72116177274
98393.72116177274
98393.72116177274
98393.72116177274
98393.72116177274
98393.72116177274
98393.72116177274
98393.72116177274
98393.72116177274
98393.72116177274
98393.72116177274
98393.72116177274
98393.72116177274
98393.72116177274
98393.72116177274
98393.72116177274
98393.72116177274
98393.72116177274
98393.72116177274
98393.72116177274
98393.72116177274
98393.72116177274
98393.72116177274
102097.29466764854
102097.29466764854
102097.29466764854
102097.29466764854
102097.29466764854
102097.29466764854
102097.29466764854
102097.29466764854
102097.29466764854
102097.29466764854
102097.29466764854
102097.29466764854
102097.29466764854
102097.29466764854
102097.29466764854
102097.29466764854
102097.29466764854
102097.29466764854
102097.29466764854
102097.29466764854
102097.29466764854
102097.29466764854
102097.29466764854
102097.29466764854
104605.15462479458
104605.15462479458
104605.15462479458
104605.15462479458
104605.15462479458
104605.15462479458
104605.15462479458
104605.15462479458
104605.15462479458
104605.15462479458
104605.15462479458
104605.15462479458
104605.15462479458
104605.15462479458
104605.15462479458
104605.15462479458
104605.15462479458
104605.15462479458
104605.15462479458
104605.15462479458
104605.15462479458
104605.15462479458
104605.15462479458
104605.15462479458
104600.45945726977
104600.45945726977
104600.45945726977
104600.45945726977
104600.45945726977
104600.45945726977
104600.45945726977
104600.45945726977
104600.45945726977
104600.45945726977
104600.45945726977
104600.45945726977
104600.45945726977
104600.45945726977
104600.45945726977
104600.45945726977
104600.45945726977
104600.45945726977
104600.45945726977
104600.45945726977
104600.45945726977
104600.45945726977
104600.45945726977
104600.45945726977
105422.66146068886
105422.66146068886
105422.66146068886
105422.66146068886
105422.66146068886
105422.66146068886
105422.66146068886
105422.66146068886
105422.66146068886
105422.66146068886
105422.66146068886
105422.66146068886
105422.66146068886
105422.66146068886
105422.66146068886
105422.66146068886
105422.66146068886
105422.66146068886
105422.66146068886
105422.66146068886
105422.66146068886
105422.66146068886
105422.66146068886
105422.66146068886
107331.59694893732
107331.59694893732
107331.59694893732
107331.59694893732
107331.59694893732
107331.59694893732
107331.59694893732
107331.59694893732
107331.59694893732
107331.59694893732
107331.59694893732
107331.59694893732
107331.59694893732
107331.59694893732
107331.59694893732
107331.59694893732
107331.59694893732
107331.59694893732
107331.59694893732
107331.59694893732
107331.59694893732
107331.59694893732
107331.59694893732
107331.59694893732
111321.074387032
111321.074387032
111321.074387032
111321.074387032
111321.074387032
111321.074387032
111321.074387032
111321.074387032
111321.074387032
111321.074387032
111321.074387032
111321.074387032
111321.074387032
111321.074387032
111321.074387032
111321.074387032
111321.074387032
111321.074387032
111321.074387032
111321.074387032
111321.074387032
111321.074387032
111321.074387032
111321.074387032
113046.01748972436
113046.01748972436
113046.01748972436
113046.01748972436
113046.01748972436
113046.01748972436
113046.01748972436
113046.01748972436
113046.01748972436
113046.01748972436
113046.01748972436
113046.01748972436
113046.01748972436
113046.01748972436
113046.01748972436
113046.01748972436
113046.01748972436
113046.01748972436
113046.01748972436
113046.01748972436
113046.01748972436
113046.01748972436
113046.01748972436
113046.01748972436
114063.68814573706
114063.68814573706
114063.68814573706
114063.68814573706
114063.68814573706
114063.68814573706
114063.68814573706
114063.68814573706
114063.68814573706
114063.68814573706
114063.68814573706
114063.68814573706
114063.68814573706
114063.68814573706
114063.68814573706
114063.68814573706
114063.68814573706
114063.68814573706
114063.68814573706
114063.68814573706
114063.68814573706
114063.68814573706
114063.68814573706
114063.68814573706
113233.32214425021
113233.32214425021
113233.32214425021
113233.32214425021
113233.32214425021
113233.32214425021
113233.32214425021
113233.32214425021
113233.32214425021
113233.32214425021
113233.32214425021
113233.32214425021
113233.32214425021
113233.32214425021
113233.32214425021
113233.32214425021
113233.32214425021
113233.32214425021
113233.32214425021
113233.32214425021
113233.32214425021
113233.32214425021
113233.32214425021
113233.32214425021
115000.0
115000.0
115000.0
115000.0
115000.0
115000.0
115000.0
115000.0
115000.0
115000.0
115000.0
115000.0
115000.0
115000.0
115000.0
115000.0
115000.0
115000.0
115000.0
115000.0
115000.0
115000.0
115000.0
115000.0
115000.0
115000.0
115000.0
115000.0
115000.0
115000.0
115000.0
115000.0
115000.0
115000.0
115000.0
115000.0
115000.0
115000.0
115000.0
115000.0
115000.0
115000.0
115000.0
115000.0
115000.0
115000.0
115000.0
115000.0
115000.0
115000.0
115000.0
115000.0
115000.0
115000.0
115000.0
115000.0
115000.0
115000.0
115000.0
115000.0
115000.0
115000.0
115000.0
115000.0
115000.0
115000.0
115000.0
115000.0
115000.0
115000.0
115000.0
115000.0
115000.0
115000.0
115000.0
115000.0
115000.0
115000.0
115000.0
115000.0
115000.0
115000.0
115000.0
115000.0
115000.0
115000.0
115000.0
115000.0
115000.0
115000.0
115000.0
115000.0
115000.0
115000.0
115000.0
115000.0
113295.37256669326
113295.37256669326
113295.37256669326
113295.37256669326
113295.37256669326
113295.37256669326
113295.37256669326
113295.37256669326
113295.37256669326
113295.37256669326
113295.37256669326
113295.37256669326
113295.37256669326
113295.37256669326
113295.37256669326
113295.37256669326
113295.37256669326
113295.37256669326
113295.37256669326
113295.37256669326
113295.37256669326
113295.37256669326
113295.37256669326
113295.37256669326
112536.64797060026
112536.64797060026
112536.64797060026
112536.64797060026
112536.64797060026
112536.64797060026
112536.64797060026
112536.64797060026
112536.64797060026
112536.64797060026
112536.64797060026
112536.64797060026
112536.64797060026
112536.64797060026
112536.64797060026
112536.64797060026
112536.64797060026
112536.64797060026
112536.64797060026
112536.64797060026
112536.64797060026
112536.64797060026
112536.64797060026
112536.64797060026
109885.69547542142
109885.69547542142
109885.69547542142
109885.69547542142
109885.69547542142
109885.69547542142
109885.69547542142
109885.69547542142
109885.69547542142
109885.69547542142
109885.69547542142
109885.69547542142
109885.69547542142
109885.69547542142
109885.69547542142
109885.69547542142
109885.69547542142
109885.69547542142
109885.69547542142
109885.69547542142
109885.69547542142
109885.69547542142
109885.69547542142
109885.69547542142
108262.45565434909
108262.45565434909
108262.45565434909
108262.45565434909
108262.45565434909
108262.45565434909
108262.45565434909
108262.45565434909
108262.45565434909
108262.45565434909
108262.45565434909
108262.45565434909
108262.45565434909
108262.45565434909
108262.45565434909
108262.45565434909
108262.45565434909
108262.45565434909
108262.45565434909
108262.45565434909
108262.45565434909
108262.45565434909
108262.45565434909
108262.45565434909
106674.13089975197
106674.13089975197
106674.13089975197
106674.13089975197
106674.13089975197
106674.13089975197
106674.13089975197
106674.13089975197
106674.13089975197
106674.13089975197
106674.13089975197
106674.13089975197
106674.13089975197
106674.13089975197
106674.13089975197
106674.13089975197
106674.13089975197
106674.13089975197
106674.13089975197
106674.13089975197
106674.13089975197
106674.13089975197
106674.13089975197
106674.13089975197
101369.39868612644
101369.39868612644
101369.39868612644
101369.39868612644
101369.39868612644
101369.39868612644
101369.39868612644
101369.39868612644
101369.39868612644
101369.39868612644
101369.39868612644
101369.39868612644
101369.39868612644
101369.39868612644
101369.39868612644
101369.39868612644
101369.39868612644
101369.39868612644
101369.39868612644
101369.39868612644
101369.39868612644
101369.39868612644
101369.39868612644
101369.39868612644
100904.0837099235
100904.0837099235
100904.0837099235
100904.0837099235
100904.0837099235
100904.0837099235
100904.0837099235
100904.0837099235
100904.0837099235
100904.0837099235
100904.0837099235
100904.0837099235
100904.0837099235
100904.0837099235
100904.0837099235
100904.0837099235
100904.0837099235
100904.0837099235
100904.0837099235
100904.0837099235
100904.0837099235
100904.0837099235
100904.0837099235
100904.0837099235
98569.81146128828
98569.81146128828
98569.81146128828
98569.81146128828
98569.81146128828
98569.81146128828
98569.81146128828
98569.81146128828
98569.81146128828
98569.81146128828
98569.81146128828
98569.81146128828
98569.81146128828
98569.81146128828
98569.81146128828
98569.81146128828
98569.81146128828
98569.81146128828
98569.81146128828
98569.81146128828
98569.81146128828
98569.81146128828
98569.81146128828
98569.81146128828
96324.08692837071
96324.08692837071
96324.08692837071
96324.08692837071
96324.08692837071
96324.08692837071
96324.08692837071
96324.08692837071
96324.08692837071
96324.08692837071
96324.08692837071
96324.08692837071
96324.08692837071
96324.08692837071
96324.08692837071
96324.08692837071
96324.08692837071
96324.08692837071
96324.08692837071
96324.08692837071
96324.08692837071
96324.08692837071
96324.08692837071
96324.08692837071
95031.52681117336
95031.52681117336
95031.52681117336
95031.52681117336
95031.52681117336
95031.52681117336
95031.52681117336
95031.52681117336
95031.52681117336
95031.52681117336
95031.52681117336
95031.52681117336
95031.52681117336
95031.52681117336
95031.52681117336
95031.52681117336
95031.52681117336
95031.52681117336
95031.52681117336
95031.52681117336
95031.52681117336
95031.52681117336
95031.52681117336
95031.52681117336
96030.05222433989
96030.05222433989
96030.05222433989
96030.05222433989
96030.05222433989
96030.05222433989
96030.05222433989
96030.05222433989
96030.05222433989
96030.05222433989
96030.05222433989
96030.05222433989
96030.05222433989
96030.05222433989
96030.05222433989
96030.05222433989
96030.05222433989
96030.05222433989
96030.05222433989
96030.05222433989
96030.05222433989
96030.05222433989
96030.05222433989
96030.05222433989
91028.39477338047
91028.39477338047
91028.39477338047
91028.39477338047
91028.39477338047
91028.39477338047
91028.39477338047
91028.39477338047
91028.39477338047
91028.39477338047
91028.39477338047
91028.39477338047
91028.39477338047
91028.39477338047
91028.39477338047
91028.39477338047
91028.39477338047
91028.39477338047
91028.39477338047
91028.39477338047
91028.39477338047
91028.39477338047
91028.39477338047
91028.39477338047
92518.80903062903
92518.80903062903
92518.80903062903
92518.80903062903
92518.80903062903
92518.80903062903
92518.80903062903
92518.80903062903
92518.80903062903
92518.80903062903
92518.80903062903
92518.80903062903
92518.80903062903
92518.80903062903
92518.80903062903
92518.80903062903
92518.80903062903
92518.80903062903
92518.80903062903
92518.80903062903
92518.80903062903
92518.80903062903
92518.80903062903
92518.80903062903
90000.0
90000.0
90000.0
90000.0
90000.0
90000.0
90000.0
90000.0
90000.0
90000.0
90000.0
90000.0
90000.0
90000.0
90000.0
90000.0
90000.0
90000.0
90000.0
90000.0
90000.0
90000.0
90000.0
90000.0

P
220.0
207.45
199.09
182.53
182.28
198.95
230.0
249.68
246.36
228.82
211.8
206.6
188.69
183.68
184.86
180.04
181.6
199.71
229.92
251.98
257.71
262.6
250.0
230.33
191.0
175.04
169.33
161.96
165.05
171.7
209.65
223.1
218.13
188.47
170.0
156.05
157.98
146.79
145.21
148.64
154.75
170.5
217.26
230.65
238.97
228.94
217.89
187.21
177.61
163.13
157.41
159.62
161.7
169.94
209.83
225.11
192.35
163.59
148.07
112.9
133.05
122.41
136.0
139.03
114.28
165.3
197.88
189.44
221.83
199.32
188.9
137.85
175.81
167.97
166.92
157.05
155.5
156.01
159.8
169.86
180.0
178.5
160.87
115.55
92.39
1.0
-18.68
25.0
123.99
157.04
172.9
195.3
209.24
198.98
199.06
163.04
160.2
142.9
127.05
131.0
107.07
127.36
127.27
133.65
136.28
142.65
141.36
143.62
134.29
114.31
134.47
121.95
132.03
150.02
163.03
168.8
169.44
166.36
169.22
119.54
109.36
88.73
83.19
88.15
85.05
88.08
90.06
75.33
84.05
-30.71
-60.0
-70.0
-47.25
-12.19
-90.0
-64.4
-63.18
56.45
169.55
200.0
214.97
214.04
217.42
189.7
156.4
150.0
150.61
145.72
146.88
153.21
175.7
216.93
220.12
210.99
191.0
175.1
168.7
168.7
165.52
163.87
164.07
173.1
200.0
218.04
227.46
228.81
220.26
210.97
185.05
168.95
165.1
162.96
164.92
175.0
197.42
213.93
215.01
205.29
191.0
176.77
180.0
169.81
152.01
150.24
155.36
160.0
172.0
203.12
212.36
211.98
211.0
155.24
189.01
170.63
165.0
162.32
158.06
156.7
198.11
214.74
207.67
193.45
190.93
160.1
135.9
142.99
145.94
132.66
135.0
167.06
178.71
192.95
200.08
210.24
209.09
192.07
196.58
171.28
166.31
164.69
163.84
179.14
207.91
213.76
212.84
193.96
172.45
156.51
146.98
148.97
138.2
143.47
154.63
177.0
168.87
216.69
220.46
216.9
215.48
205.07
200.95
188.2
175.49
165.84
161.85
160.19
160.0
123.65
124.54
65.48
8.12
-7.26
15.0
-30.0
-46.94
-35.0
-16.21
-4.23
142.0
196.39
209.48
211.06
207.92
199.0
195.0
172.11
162.17
155.32
153.67
151.54
143.14
121.3
109.41
80.83
74.37
29.89
-11.53
-65.01
7.0
-20.51
33.15
106.47
160.63
185.31
205.98
210.98
210.0
192.43
176.38
168.23
156.11
149.92
146.92
162.19
200.03
211.09
207.1
160.78
144.51
150.0
137.5
100.0
87.59
125.6
121.79
143.3
180.3
229.25
232.62
230.93
228.7
205.35
180.79
165.62
170.0
159.36
167.23
171.28
215.22
227.88
205.0
181.57
165.73
162.25
180.17
177.68
172.3
178.89
183.67
204.35
230.97
254.1
260.49
241.29
234.9
212.53
197.96
183.5
177.67
173.02
173.18
182.23
218.87
246.95
253.63
225.1
181.86
176.91
164.5
164.7
170.0
169.04
168.57
218.48
264.66
303.45
307.46
255.0
247.69
229.66
238.74
226.74
216.78
215.24
206.46
209.14
241.94
257.34
290.42
252.44
217.6
208.22
194.13
198.5
190.8
165.78
220.46
259.03
289.53
308.0
307.72
310.0
276.04
242.53
300.27
272.59
249.87
211.51
206.86
239.91
292.34
323.31
325.7
299.07
282.38
241.6
207.58
227.74
195.8
195.79
224.06
265.0
300.92
327.56
355.45
319.09
302.76
269.86
275.92
251.18
250.0
239.64
247.61
231.31
230.2
230.92
224.7
230.06
205.97
196.4
177.08
141.0
129.2
153.21
198.08
187.23
264.61
328.01
330.47
319.21
285.08
251.45
207.07
190.0
165.52
139.8
120.6
112.7
112.6
114.04
102.63
94.81
94.15
104.56
120.0
91.02
85.23
96.32
99.38
158.49
230.85
262.88
280.24
294.29
306.93
281.1
240.22
220.39
218.9
220.1
213.2
263.27
301.67
359.21
294.96
296.48
262.53
308.95
269.07
222.53
229.88
209.15
214.48
236.96
250.47
303.18
319.17
317.72
298.95
276.68
271.39
253.14
236.04
224.55
219.83
230.9
297.61
338.9
345.34
311.04
287.43
261.72
263.78
256.43
260.95
274.57
299.47
326.91
374.43
450.12
457.94
410.17
373.11
326.04
268.06
263.66
268.8
249.46
255.02
258.49
322.0
357.53
391.19
327.38
273.46
249.0
228.4
218.3
158.5
200.0
217.0
297.08
360.34
346.0
431.3
399.3
371.68
244.75
285.0
263.52
258.8
245.82
255.08
279.68
336.1
371.13
364.35
300.1
252.7
257.72
270.13
280.69
302.71
293.18
288.62
344.61
371.09
429.37
413.99
363.66
372.17
355.87
290.48
275.21
257.0
241.81
240.0
257.41
303.0
335.27
346.32
345.08
326.27
304.06
299.19
290.72
267.56
246.38
248.04
296.41
322.0
329.94
335.2
330.92
320.0
267.01
261.11
237.04
214.91
217.08
203.76
209.06
226.73
261.09
269.03
240.65
226.47
217.28
217.0
229.4
219.1
220.86
240.81
269.07
271.57
314.1
327.17
322.68
324.02
294.94
288.91
261.33
227.34
208.04
197.17
180.94
174.96
182.44
182.84
175.1
167.63
168.56
177.0
156.45
152.02
147.74
189.57
230.38
292.55
324.74
333.82
335.56
336.17
316.0
295.81
265.14
264.01
257.48
255.92
269.29
330.87
357.94
371.07
348.38
332.54
304.3
289.94
271.58
279.6
280.35
230.9
331.88
350.0
367.62
388.0
375.64
372.17
350.08
288.33
284.79
271.82
257.59
267.91
282.41
342.16
378.75
381.21
369.59
310.39
263.65
262.0
231.32
263.85
251.53
284.33
360.82
393.02
470.9
453.14
410.92
396.38
379.85
272.73
272.62
259.3
260.07
262.62
254.02
315.92
350.85
310.95
318.15
268.8
259.2
276.38
250.19
250.1
243.0
259.2
322.25
365.67
390.9
390.0
366.9
352.75
262.8
282.55
282.6
278.24
282.6
271.79
270.58
339.77
369.89
379.63
348.25
359.25
367.32
366.73
339.74
352.06
360.0
346.0
372.44
409.41
479.0
450.0
394.21
354.07
298.59
299.7
267.56
286.43
266.17
265.45
282.13
355.19
378.85
385.19
378.0
321.09
330.02
289.73
252.49
254.73
227.66
219.35
234.7
276.12
314.06
359.49
328.18
385.0
375.56
285.72
255.0
237.2
230.71
222.31
214.2
233.84
244.56
217.97
205.57
189.86
162.6
159.21
154.3
134.18
157.8
157.56
240.34
285.03
350.0
362.85
359.96
353.44
302.17
270.08
242.1
199.08
195.6
185.6
182.71
176.71
192.31
185.07
170.26
128.2
118.97
127.59
88.23
92.41
96.71
123.8
199.6
272.77
327.0
340.1
348.43
348.45
333.06
319.65
277.83
265.12
254.35
258.05
302.44
361.88
376.0
385.17
366.0
280.22
273.31
263.72
256.67
256.87
263.52
236.2
260.67
319.62
373.68
398.8
385.81
397.32
386.33
359.96
319.38
309.48
301.3
300.0
324.82
380.47
412.59
400.0
314.91
255.67
265.17
266.41
280.74
269.58
266.93
279.77
294.56
336.56
364.89
370.0
370.57
378.62
361.18
351.39
311.28
300.1
280.22
299.43
322.79
389.83
413.89
419.48
377.24
330.45
332.61
306.2
291.24
277.17
276.12
261.65
298.17
345.99
390.2
400.0
385.77
404.62
339.57
328.24
272.14
261.35
232.43
231.25
225.88
268.51
324.17
343.44
314.75
295.93
286.11
266.14
268.92
259.37
249.13
230.86
247.12
311.66
313.48
341.5
349.75
353.32
335.31
360.06
306.99
291.6
271.65
251.72
292.2
388.29
443.74
436.11
405.01
372.72
335.84
294.83
307.72
316.65
283.73
279.85
317.0
368.51
416.35
433.85
432.18
432.38
395.53
350.0
290.3
302.99
306.13
279.16
282.15
246.51
282.42
248.12
256.76
222.0
204.2
207.75
194.22
142.85
134.75
138.81
192.61
193.57
249.93
283.76
279.22
300.92
291.51
226.87
193.42
195.18
151.33
154.19
141.58
144.69
148.64
106.52
115.1
127.31
100.0
220.0
158.0
167.2
136.6
101.15
180.0
241.83
322.13
369.9
378.07
390.02
371.71
320.08
277.99
275.87
269.19
272.05
298.0
395.95
415.08
433.97
416.21
404.95
396.9
358.0
363.0
328.65
290.77
260.39
329.3
403.36
458.03
469.9
452.12
450.05
419.15
395.49
349.57
330.04
331.5
334.34
362.1
419.64
453.66
448.9
302.87
316.09
329.28
281.44
331.9
315.47
320.0
336.45
399.94
423.64
447.1
504.32
480.0
467.35
400.0
416.05
365.61
323.37
316.24
325.04
332.22
411.97
435.0
450.0
453.01
417.9
398.61
307.74
289.59
229.9
305.0
329.83
380.09
433.18
424.86
444.91
443.43
455.74
411.75
411.36
378.06
345.47
334.1
335.01
371.63
421.32
433.31
434.07
419.94
379.9
370.3
352.17
320.18
277.72
265.17
286.32
349.33
395.84
418.39
436.92
434.64
423.57
400.04
350.0
320.07
308.86
305.01
307.55
330.0
404.9
429.92
417.33
373.72
339.61
296.62
312.9
290.74
292.94
312.06
293.91
327.79
406.08
420.73
430.54
433.99
432.89
415.43
384.91
349.96
305.9
287.61
287.2
279.36
256.71
254.44
223.0
205.32
149.36
154.76
151.44
93.67
82.09
92.61
96.42
108.49
258.42
313.49
336.0
344.25
357.55
331.77
290.06
240.8
200.32
193.66
195.3
191.62
196.07
190.32
189.51
171.97
133.0
129.01
107.62
30.6
-9.02
73.43
118.85
197.86
344.42
374.53
384.85
434.95
382.6
389.1
389.77
328.49
299.23
282.44
286.72
305.47
393.07
424.94
378.97
389.0
329.73
353.68
278.4
266.66
307.6
410.47
374.29
444.34
645.8
627.66
680.28
599.98
530.13
469.86
402.46
368.99
331.0
325.24
318.72
350.98
440.0
477.74
349.12
324.7
301.5
280.3
320.74
272.85
354.15
365.62
280.5
375.05
370.34
499.51
475.65
370.14
290.62
262.3
265.0
250.0
308.67
283.37
246.82
247.03
315.56
400.1
431.54
480.0
290.8
350.1
270.9
276.54
343.85
320.14
400.0
456.06
372.17
377.01
395.0
339.9
372.23
343.27
320.77
314.29
322.53
322.45
322.37
328.65
423.0
429.09
358.86
378.6
321.7
362.88
301.67
306.23
342.51
266.07
300.03
316.35
365.0
385.07
408.64
405.6
419.52
358.66
361.98
293.0
290.06
290.48
297.07
276.57
402.88
410.66
394.1
389.13
350.1
319.21
284.57
241.03
272.95
284.77
274.89
328.8
424.38
403.35
412.8
381.1
415.66
350.0
386.91
344.67
351.99
337.01
332.04
331.27
337.03
333.12
343.78
349.36
330.1
297.92
265.66
279.0
245.8
237.51
241.0
274.89
324.48
366.25
369.3
394.24
356.71
307.0
393.26
379.24
355.06
331.0
316.18
302.82
272.76
260.93
222.88
202.57
191.26
140.41
141.5
-89.95
-82.11
-14.99
109.89
238.1
341.83
344.72
321.0
375.0
332.15
340.55
346.4
276.76
280.63
266.03
261.71
286.29
375.08
410.14
411.86
313.94
256.07
235.92
233.22
231.32
220.04
170.6
216.19
214.6
277.8
357.5
363.71
376.11
373.52
321.21
274.33
272.1
247.01
294.36
292.5
330.0
390.4
362.66
411.93
362.2
344.2
307.8
323.0
292.15
248.2
265.0
222.83
250.06
380.0
379.46
400.06
411.91
403.21
399.2
390.16
327.54
324.73
337.7
336.85
365.95
460.0
497.14
446.6
409.7
390.87
378.0
272.41
325.68
300.6
320.95
364.19
424.4
420.63
428.52
439.93
420.68
420.69
346.6
437.79
400.91
399.97
398.74
399.97
400.04
485.97
475.98
421.07
380.66
360.18
308.04
309.76
382.96
346.52
295.98
386.29
470.36
469.3
534.16
517.89
485.0
468.0
361.5
303.3
328.73
342.89
388.51
374.83
386.7
463.16
498.52
498.72
456.03
389.17
320.23
208.01
334.36
322.0
330.0
290.72
412.35
449.68
436.6
504.68
456.47
434.24
329.98
425.0
404.3
405.0
395.85
377.06
383.98
406.78
423.02
412.72
384.27
303.37
303.97
278.75
205.61
230.37
288.4
303.17
361.74
426.15
454.14
468.45
466.69
449.19
432.86
382.79
339.88
300.1
293.05
271.3
271.3
261.03
264.8
300.01
286.37
261.1
255.76
263.08
219.08
208.74
226.08
252.07
316.01
394.79
449.55
452.95
462.5
449.55
398.5